RMSE: 98.38979660335278
R2: 0.7209783464462104
